1332 179 3993 3557 4202 3967 2620 3902 3212 3882 358 515 4168 1960 3461 1016 3379 2360 819 3059
2660 104 4189 4555 4690 4008 1597 2791 4501 1765 4829 4254 4699 4859 170 2337 3254 626 3758 3865
3577 6 3483 2883 3584 2763 1524 3693 1591 898 1001 2691 1043 4383 195 787 143 2012 985 4070
1265 1403 292 2896 2022 378 2655 1478 3980 80 71 3591 4913 4552 25 1333 3212 2088 1367 2421
2345 708 1326 378 1402 687 4039 2207 2328 1708 4381 913 745 2031 3644 3883 3685 3431 2709 4130
1045 304 1219 1867 792 1746 4070 3206 817 48 3286 4320 368 4510 1243 2577 4079 1446 852 3507
3154 4046 1743 2572 1391 52 1613 3285 4473 1924 1277 891 1588 1328 2887 801 980 3130 3948 786
1588 3792 706 316 621 2301 2194 3231 4737 3761 881 873 4216 4468 1886 3172 2044 3797 2442 1829
1887 2340 1227 59 71 2421 1914 2897 4338 332 1338 2006 3133 1814 4335 4863 2768 3257 1097 1529
4877 2588 3747 1130 4218 2983 4916 2990 1112 4576 4698 2851 3788 253 407 4376 422 1891 187 880
2378 457 792 1734 3252 4486 1694 829 3115 3192 4943 18 297 100 2161 3421 2285 4006 868 3926
2030 1073 509 2465 4840 620 730 4501 2488 142 724 4747 3392 4590 946 1781 2908 1156 4291 4987
2630 2272 4369 2939 3797 320 685 605 4198 1536 1674 3309 68 4503 1360 983 1684 78 645 2612
1878 1223 714 3901 4948 3690 3225 2458 2572 650 1746 1254 3754 2930 1368 3925 4260 4249 853 3562
4049 2704 4452 712 2762 1013 2637 1178 2675 4141 784 3128 4523 2921 4775 1869 4654 3656 4718 3760
2011 4129 845 1853 1576 8 1579 343 2729 2276 169 4161 1325 2876 480 2924 139 586 1438 1079
2771 4234 4978 2380 3552 2747 1213 1046 298 3823 127 4878 3812 2601 869 4414 2488 1629 3371 2422
2655 4266 1806 2026 3890 3560 2677 875 2101 192 1747 1083 3655 745 1532 972 992 3903 223 2308
4531 3291 4218 2633 1175 3663 1052 2632 2452 1911 4381 2380 2046 2736 2481 1637 2814 3801 4128 4101
4256 1207 3182 923 2311 293 4760 802 3575 304 4065 4422 4062 2400 1913 4056 1007 1625 4628 4865